#Frame       T45-T133
       1      13.7954
       2      14.7254
       3      13.0197
       4      14.2389
       5      13.9147
       6      14.1448
       7      13.0366
       8      13.5841
       9      12.8025
      10      11.4036
      11      11.8139
      12      12.8752
      13      14.1496
      14      14.4443
      15      13.3514
      16      12.8283
      17      12.8572
      18      13.0304
      19      12.9148
      20      13.4823
      21      11.9538
      22      12.5190
      23      11.8644
      24      13.2004
      25      13.9906
      26      13.4246
      27      12.4274
      28      12.5068
      29      14.4211
      30      14.4689
      31      12.9564
      32      12.7927
      33      13.0460
      34      11.8475
      35      14.1731
      36      12.7844
      37      12.8893
      38      14.2274
      39      12.9422
      40      12.9120
      41      12.0672
      42      13.6001
      43      14.2215
      44      15.0540
      45      12.6068
      46      12.8534
      47      13.2819
      48      14.0460
      49      12.5411
      50      14.6449
      51      12.8028
      52      15.7617
      53      13.8779
      54      12.7031
      55      13.5091
      56      14.1274
      57      12.8630
      58      12.4894
      59      14.1506
      60      13.4247
      61      12.1016
      62      13.1096
      63      11.4997
      64      11.6414
      65      13.7295
      66      12.5243
      67      12.6639
      68      13.1886
      69      13.1658
      70      14.2552
      71      16.3418
      72      11.9239
      73      12.2464
      74      11.5230
      75      15.3969
      76      13.3629
      77      12.3607
      78      16.1193
      79      13.1330
      80      12.5257
      81      11.9675
      82      11.9140
      83      11.3668
      84      15.1375
      85      13.0945
      86      13.2576
      87      14.2242
      88      13.6196
      89      13.2009
      90      11.2957
      91      13.3141
      92      12.7671
      93      13.1885
      94      14.2204
      95      12.0056
      96      12.2176
      97      13.0979
      98      13.7603
      99      13.7103
     100      13.4241
     101      13.3270
     102      12.8524
     103      13.6639
     104      13.5047
     105      13.3953
     106      12.5471
     107      12.1513
     108      13.4869
     109      13.1459
     110      13.6084
     111      13.5802
     112      13.3569
     113      13.5708
     114      12.8522
     115      13.0964
     116      13.7491
     117      13.0135
     118      14.9606
     119      11.9198
     120      13.1868
     121      12.7922
     122      12.2523
     123      15.4210
     124      12.6201
     125      14.1125
     126      12.5336
     127      14.6167
     128      12.6886
     129      12.9131
     130      14.5385
     131      13.0130
     132      14.9117
     133      13.9366
     134      14.4339
     135      13.1054
     136      13.1333
     137      13.8998
     138      10.5983
     139      12.7862
     140      14.3003
     141      12.5977
     142      12.8711
     143      13.0094
     144      14.5905
     145      12.6955
     146      14.3168
     147      16.5243
     148      12.7275
     149      12.9210
     150      14.5329
     151      13.2991
     152      12.9400
     153      13.7473
     154      12.4558
     155      12.6974
     156      13.1138
     157      13.2846
     158      13.5913
     159      12.5551
     160      14.4585
     161      12.7487
     162      14.2633
     163      12.6229
     164      13.7877
     165      13.3915
     166      13.3819
     167      14.0917
     168      14.3713
     169      13.1358
     170      13.3161
     171      12.8838
     172      13.5624
     173      12.7244
     174      12.4102
     175      14.2595
     176      12.8677
     177      13.3296
     178      14.4883
     179      12.7086
     180      14.0093
     181      13.4299
     182      12.9238
     183      12.3809
     184      13.4070
     185      12.3942
     186      13.5904
     187      12.5702
     188      12.0603
     189      13.9047
     190      14.8105
     191      12.9667
     192      15.1414
     193      14.3204
     194      13.3267
     195      12.8525
     196      13.2624
     197      13.3892
     198      12.7374
     199      13.0186
     200      13.0572
     201      14.1062
     202      12.3825
     203      14.0501
     204      12.8988
     205      14.3561
     206      12.5963
     207      12.9961
     208      13.2848
     209      14.5583
     210      13.6828
     211      14.4666
     212      13.8897
     213      12.5663
     214      13.0020
     215      14.0468
     216      12.6265
     217      12.4069
     218      14.0724
     219      12.7590
     220      14.4012
     221      13.4303
     222      13.6193
     223      12.7284
     224      13.9661
     225      13.1259
     226      13.8285
     227      14.3910
     228      13.2878
     229      13.1976
     230      14.4130
     231      11.4587
     232      13.0147
     233      13.0244
     234      14.1313
     235      13.7438
     236      12.9390
     237      12.9749
     238      15.3561
     239      12.1053
     240      13.8855
     241      14.2123
     242      14.3889
     243      13.9335
     244      12.5634
     245      14.1153
     246      14.4032
     247      14.7804
     248      12.1009
     249      12.5147
     250      14.3142
     251      14.6118
     252      13.5982
     253      12.2655
     254      13.2386
     255      13.5191
     256      12.8207
     257      12.0230
     258      12.8905
     259      14.3707
     260      13.0993
     261      12.1628
     262      13.6421
     263      13.2722
     264      13.7790
     265      13.9693
     266      12.6469
     267      14.0849
     268      13.6190
     269      12.1116
     270      13.7079
     271      12.9632
     272      12.6689
     273      13.8186
     274      12.3048
     275      13.1466
     276      14.3532
     277      12.3792
     278      13.5458
     279      13.3181
     280      13.7728
     281      13.5749
     282      14.1936
     283      12.9310
     284      14.3421
     285      12.6823
     286      12.7965
     287      14.1278
     288      12.9511
     289      13.1466
     290      13.4459
     291      13.4883
     292      13.3738
     293      14.0076
     294      12.8313
     295      12.8790
     296      14.5335
     297      13.4531
     298      13.2919
     299      13.7867
     300      13.1485
     301      13.5687
     302      13.4702
     303      12.8538
     304      13.9824
     305      13.9336
     306      12.4184
     307      12.9694
     308      11.7913
     309      13.7081
     310      13.6293
     311      16.7489
     312      13.0087
     313      14.3306
     314      12.6603
     315      14.2161
     316      13.3291
     317      14.1317
     318      11.2436
     319      14.7447
     320      13.5837
     321      14.6220
     322      13.3225
     323      14.0196
     324      13.2336
     325      13.7818
     326      13.1437
     327      12.2246
     328      12.3158
     329      12.6557
     330      12.5887
     331      12.6034
     332      13.6997
     333      13.4938
     334      13.7254
     335      14.2674
     336      14.0461
     337      14.8919
     338      13.0057
     339      14.1004
     340      13.7650
     341      13.3715
     342      13.6909
     343      13.2207
     344      14.2375
     345      12.1608
     346      13.7976
     347      14.3580
     348      13.2210
     349      14.0099
     350      12.0758
     351      12.6321
     352      10.5774
     353      13.3801
     354      12.4657
     355      14.0964
     356      14.9513
     357      12.4919
     358      13.7948
     359      14.4146
     360      11.8369
     361      13.2253
     362      14.0460
     363      11.9205
     364      12.6857
     365      13.2230
     366      14.5120
     367      12.8893
     368      13.0000
     369      13.6043
     370      12.7521
     371      12.4633
     372      13.3363
     373      12.8532
     374      13.0195
     375      12.7232
     376      13.0473
     377      12.2856
     378      14.7322
     379      12.7098
     380      14.4718
     381      13.0348
     382      12.0383
     383      13.7782
     384      15.0142
     385      14.5095
     386      14.5040
     387      12.2869
     388      12.4042
     389      13.2268
     390      13.1410
     391      14.3582
     392      13.2045
     393      16.1197
     394      12.9769
     395      12.7281
     396      13.0611
     397      12.8294
     398      13.8356
     399      12.7814
     400      12.2124
     401      14.3335
     402      12.6563
     403      14.2675
     404      11.9466
     405      13.1250
     406      13.9517
     407      12.4061
     408      14.1680
     409      12.3339
     410      14.1493
     411      12.9036
     412      12.4701
     413      12.0610
     414      14.5225
     415      13.2229
     416      11.8733
     417      13.8203
     418      14.8800
     419      12.9565
     420      14.2493
     421      12.6672
     422      12.6682
     423      12.8079
     424      12.4878
     425      13.1560
     426      12.9096
     427      13.6227
     428      10.8154
     429      14.1478
     430      13.2451
     431      14.6935
     432      12.8711
     433      12.8825
     434      12.1265
     435      14.3597
     436      12.9538
     437      14.2897
     438      14.1115
     439      13.2031
     440      12.4578
     441      13.1731
     442      14.7752
     443      12.4340
     444      12.7501
     445      14.8580
     446      13.3177
     447      15.0348
     448      14.0091
     449      13.8484
     450      12.4406
     451      13.6961
     452      11.2555
     453      13.1670
     454      14.7584
     455      12.7846
     456      13.0807
     457      11.2720
     458      13.9780
     459      14.2665
     460      13.9631
     461      13.6369
     462      12.6105
     463      12.8068
     464      13.3642
     465      11.7239
     466      13.1747
     467      13.8203
     468      13.8800
     469      12.5092
     470      15.6293
     471      13.1677
     472      14.4539
     473      12.6721
     474      13.1353
     475      13.2797
     476      14.3863
     477      13.6969
     478      14.2539
     479      14.6158
     480      13.0386
     481      13.6771
     482      14.1620
     483      13.7492
     484      16.5727
     485      12.9174
     486      12.6645
     487      15.0038
     488      13.5650
     489      14.0757
     490      14.6121
     491      11.8488
     492      12.9911
     493      14.4591
     494      13.5611
     495      13.3884
     496      13.1477
     497      14.4747
     498      14.1395
     499      13.8297
     500      12.9368
     501      14.2929
     502      14.6141
     503      11.7831
     504      13.0512
     505      14.7213
     506      13.2991
     507      13.8541
     508      16.2090
     509      12.9394
     510      13.2209
     511      13.1944
     512      14.4595
     513      12.2514
     514      12.7744
     515      12.0508
     516      14.0184
     517      12.9944
     518      12.6469
     519      13.2243
     520      12.4291
     521      13.1197
     522      13.1593
     523      15.1989
     524      14.3958
     525      13.4151
     526      14.1260
     527      12.8113
     528      13.7512
     529      11.5837
     530      12.1716
     531      13.3671
     532      12.8543
     533      12.4411
     534      12.4481
     535      12.8443
     536      14.7401
     537      13.4455
     538      13.9337
     539      13.3527
     540      12.8541
     541      12.8033
     542      13.9835
     543      12.7068
     544      14.4665
     545      12.9983
     546      11.6780
     547      10.4285
     548      13.0468
     549      13.7583
     550      13.9588
     551      13.9714
     552      14.2185
     553      12.9010
     554      13.1085
     555      13.0008
     556      13.8310
     557      12.0796
     558      14.4570
     559      12.6715
     560      13.5013
     561      13.3745
     562      13.3168
     563      13.5622
     564      12.6582
     565      13.1568
     566      12.9490
     567      14.1539
     568      13.7070
     569      13.6381
     570      14.2219
     571      13.5613
     572      12.6394
     573      12.7250
     574      12.6970
     575      13.4477
     576      14.1357
     577      12.3168
     578      13.7924
     579      14.2579
     580      12.9448
     581      13.2436
     582      14.5391
     583      14.1726
     584      13.7869
     585      12.8612
     586      15.2559
     587      12.4986
     588      14.6613
     589      13.9813
     590      14.6871
     591      13.1642
     592      14.6688
     593      14.0909
     594      13.0646
     595      13.6876
     596      13.1846
     597      13.0071
     598      13.8665
     599      12.5172
     600      13.3359
     601      12.6007
     602      12.3795
     603      12.6257
     604      14.4832
     605      13.1170
     606      13.2524
     607      13.9506
     608      13.1874
     609      12.9063
     610      13.0437
     611      13.6645
     612      13.5901
     613      12.0596
     614      12.6707
     615      12.2532
     616      12.1649
     617      13.0471
     618      13.8766
     619      15.0770
     620      12.1408
     621      13.2505
     622      14.1178
     623      13.3080
     624      13.9506
     625      13.4629
     626      14.0412
     627      13.3198
     628      12.5454
     629      14.5325
     630      13.0169
     631      12.9161
     632      13.1895
     633      14.5637
     634      14.3385
     635      12.3985
     636      13.9631
     637      12.4541
     638      12.8559
     639      11.7571
     640      13.1796
     641      14.3083
     642      13.9833
     643      13.8368
     644      13.4316
     645      12.7618
     646      13.1271
     647      13.0268
     648      13.4959
     649      14.7541
     650      13.4501
     651      12.0851
     652      14.2065
     653      14.0286
     654      13.1472
     655      14.2133
     656      12.2707
     657      13.1675
     658      14.1926
     659      13.3470
     660      14.5528
     661      14.4294
     662      11.2642
     663      13.1942
     664      13.5440
     665      13.3807
     666      14.0222
     667      13.5078
     668      13.6900
     669      15.0968
     670      11.9928
     671      14.0997
     672      13.2920
     673      15.3297
     674      12.4871
     675      13.8609
     676      12.2366
     677      12.9630
     678      14.5904
     679      14.5058
     680      13.5643
     681      13.4281
     682      12.8351
     683      13.8412
     684      13.7336
     685      12.9876
     686      13.0709
     687      12.2472
     688      13.4490
     689      12.8421
     690      13.9382
     691      12.4937
     692      14.1262
     693      13.1059
     694      13.8443
