#Frame       T45-T133
       1      13.2926
       2      10.5666
       3      10.1555
       4      11.7156
       5      11.8082
       6      12.6993
       7      11.4681
       8      12.2533
       9      10.8876
      10      10.7306
      11      10.1755
      12      12.6737
      13      11.1926
      14       9.5429
      15      11.4166
      16      11.3904
      17      13.1864
      18       9.9097
      19      12.0558
      20      10.8198
      21      12.9652
      22      11.7560
      23      10.3517
      24      12.7987
      25      12.2547
      26      11.1320
      27      11.1672
      28      11.0374
      29      12.7510
      30      11.9537
      31      10.3507
      32      12.5844
      33      12.0425
      34       9.8433
      35      12.8835
      36      13.2761
      37      11.1103
      38      10.5112
      39      11.6691
      40      11.5764
      41      10.3585
      42       9.1179
      43      13.1497
      44      11.6899
      45      12.5932
      46      11.8813
      47      13.2895
      48      12.1150
      49      11.8164
      50      13.4584
      51      13.2356
      52      11.3636
      53      12.9941
      54      11.6573
      55      10.2546
      56      13.1055
      57      11.2266
      58       9.9138
      59      10.8277
